ticker  atr       sl      tp    trail        equity  total_return    sharpe     maxdd  num_trades  win_rate
  AAPL   26 4.962597 2.86982 0.776389 100820.467682      0.008205  1.125924 -0.001154          28  0.678571
  ABBV   26 4.962597 2.86982 0.776389  99895.067701     -0.001049 -0.135986 -0.006307          36  0.472222
  ABCB   26 4.962597 2.86982 0.776389 100321.594078      0.003216  0.306055 -0.005500          57  0.508772
   ACN   26 4.962597 2.86982 0.776389  99923.746251     -0.000763 -0.092862 -0.005028          39  0.410256
  ACWI   26 4.962597 2.86982 0.776389 100041.801175      0.000418  0.133514 -0.001153          38  0.473684
  ADPT   26 4.962597 2.86982 0.776389 100507.603314      0.005076  0.398354 -0.003988          32  0.562500
   AEM   26 4.962597 2.86982 0.776389 100213.850796      0.002139  0.220377 -0.003747          34  0.470588
   AGQ   26 4.962597 2.86982 0.776389 101610.725533      0.016107  1.118932 -0.004570          44  0.636364
   ALB   26 4.962597 2.86982 0.776389 101755.119822      0.017551  0.817423 -0.008517          38  0.552632
   ALL   26 4.962597 2.86982 0.776389 100244.866999      0.002449  0.549163 -0.002068          34  0.558824
  ALNY   26 4.962597 2.86982 0.776389 100770.214722      0.007702  0.650113 -0.004743          40  0.525000
  AMAT   26 4.962597 2.86982 0.776389 100172.573518      0.001726  0.133824 -0.004471          37  0.432432
   AMD   26 4.962597 2.86982 0.776389  99165.696805     -0.008343 -0.481276 -0.012650          38  0.473684
  AMKR   26 4.962597 2.86982 0.776389 100254.388538      0.002544  0.258177 -0.005838          34  0.558824
  AMLX   26 4.962597 2.86982 0.776389 101489.164506      0.014892  0.885931 -0.008032          36  0.472222
  AMRC   26 4.962597 2.86982 0.776389  99410.330029     -0.005897 -0.330997 -0.013321          50  0.480000
   AMT   26 4.962597 2.86982 0.776389  99773.610772     -0.002264 -0.385425 -0.003915          33  0.484848
   AMX   26 4.962597 2.86982 0.776389 100566.786800      0.005668  0.954747 -0.001223          44  0.568182
  ANVS   26 4.962597 2.86982 0.776389  97323.063906     -0.026769 -0.821579 -0.037952          53  0.339623
   APA   26 4.962597 2.86982 0.776389  99350.109944     -0.006499 -0.550326 -0.011944          37  0.351351
   APH   26 4.962597 2.86982 0.776389  99720.788357     -0.002792 -0.419912 -0.004639          36  0.500000
  APLD   26 4.962597 2.86982 0.776389 102603.324794      0.026033  0.727718 -0.008660          39  0.512821
   APP   26 4.962597 2.86982 0.776389  99643.060436     -0.003569 -0.260359 -0.006457          32  0.437500
  APPN   26 4.962597 2.86982 0.776389 100305.315110      0.003053  0.412192 -0.002959          33  0.606061
  APTV   26 4.962597 2.86982 0.776389 100386.875349      0.003869  0.510396 -0.003005          32  0.531250
  AREC   26 4.962597 2.86982 0.776389  96785.402611     -0.032146 -0.728890 -0.047307          38  0.526316
  ARGX   26 4.962597 2.86982 0.776389  99834.055222     -0.001659 -0.249067 -0.003860          43  0.488372
  ARIS   26 4.962597 2.86982 0.776389  99824.049686     -0.001760 -0.281468 -0.006267          28  0.392857
  ARKK   26 4.962597 2.86982 0.776389 100247.582026      0.002476  0.324512 -0.003886          36  0.611111
  ARWR   26 4.962597 2.86982 0.776389 103828.768309      0.038288  1.442740 -0.004726          34  0.617647
   ASC   26 4.962597 2.86982 0.776389  99516.934339     -0.004831 -0.399019 -0.011584          47  0.468085
  ASML   26 4.962597 2.86982 0.776389  99936.986846     -0.000630 -0.077223 -0.003703          36  0.472222
  AVAV   26 4.962597 2.86982 0.776389  99428.074801     -0.005719 -0.478500 -0.010299          49  0.530612
  AVDL   26 4.962597 2.86982 0.776389 101282.519121      0.012825  1.114959 -0.001958          33  0.545455
  AVGO   26 4.962597 2.86982 0.776389 100656.055086      0.006561  0.469757 -0.004083          32  0.593750
   AXP   26 4.962597 2.86982 0.776389 100469.184743      0.004692  0.647047 -0.003198          38  0.578947
  AXSM   26 4.962597 2.86982 0.776389  99946.806132     -0.000532 -0.040880 -0.008768          47  0.531915
  AZTA   26 4.962597 2.86982 0.776389 100345.425562      0.003454  0.332765 -0.004870          45  0.533333
  BABA   26 4.962597 2.86982 0.776389 100469.801334      0.004698  0.374313 -0.005280          43  0.534884
   BAC   26 4.962597 2.86982 0.776389  99793.857269     -0.002061 -0.468867 -0.004418          34  0.411765
   BAX   26 4.962597 2.86982 0.776389 100366.209797      0.003662  0.448935 -0.004423          32  0.500000
  BBAI   26 4.962597 2.86982 0.776389 103405.709297      0.034057  0.833655 -0.010039          40  0.575000
  BBIO   26 4.962597 2.86982 0.776389 100146.832511      0.001468  0.146771 -0.005214          38  0.500000
    BE   26 4.962597 2.86982 0.776389 103111.805146      0.031118  1.274454 -0.004942          33  0.606061
  BIDU   26 4.962597 2.86982 0.776389 100183.609111      0.001836  0.182560 -0.003065          34  0.529412
  BITF   26 4.962597 2.86982 0.776389 100574.612518      0.005746  0.155592 -0.015818          45  0.444444
    BK   26 4.962597 2.86982 0.776389 100266.010697      0.002660  0.531199 -0.002050          37  0.513514
   BKR   26 4.962597 2.86982 0.776389  99536.240193     -0.004638 -0.562044 -0.007816          34  0.500000
   BLD   26 4.962597 2.86982 0.776389 100680.737716      0.006807  0.519827 -0.008412          47  0.531915
   BLK   26 4.962597 2.86982 0.776389  99575.113737     -0.004249 -0.586503 -0.006859          47  0.404255
  BLTE   26 4.962597 2.86982 0.776389 100380.194380      0.003802  0.309056 -0.013509          27  0.481481
  BOOT   26 4.962597 2.86982 0.776389  99880.933743     -0.001191 -0.087498 -0.010998          45  0.555556
    BP   26 4.962597 2.86982 0.776389 100062.497960      0.000625  0.096961 -0.005132          46  0.456522
   BTU   26 4.962597 2.86982 0.776389 100120.670674      0.001207  0.128895 -0.003481          30  0.500000
    BW   26 4.962597 2.86982 0.776389  98125.465446     -0.018745 -0.544776 -0.022678          46  0.391304
     C   26 4.962597 2.86982 0.776389 100077.579855      0.000776  0.152701 -0.002113          37  0.513514
  CARG   26 4.962597 2.86982 0.776389  99021.654248     -0.009783 -0.737989 -0.013840          39  0.358974
   CAT   26 4.962597 2.86982 0.776389 100046.743247      0.000467  0.107123 -0.003090          34  0.411765
  CBOE   26 4.962597 2.86982 0.776389  99966.662521     -0.000333 -0.056619 -0.003104          49  0.510204
   CCJ   26 4.962597 2.86982 0.776389  99943.028461     -0.000570 -0.058549 -0.006878          34  0.529412
   CDE   26 4.962597 2.86982 0.776389 100177.922537      0.001779  0.150396 -0.004378          27  0.481481
  CDTX   26 4.962597 2.86982 0.776389 111223.237652      0.112232  0.624388 -0.007536          42  0.571429
   CEG   26 4.962597 2.86982 0.776389  99659.368705     -0.003406 -0.281189 -0.007877          41  0.487805
  CENX   26 4.962597 2.86982 0.776389  97980.979539     -0.020190 -1.244799 -0.021745          39  0.307692
    CF   26 4.962597 2.86982 0.776389  99886.495806     -0.001135 -0.185097 -0.006054          33  0.606061
   CFG   26 4.962597 2.86982 0.776389 100317.736050      0.003177  0.392239 -0.003411          37  0.540541
  CGAU   26 4.962597 2.86982 0.776389 100417.413216      0.004174  0.485987 -0.003477          39  0.615385
  CGNX   26 4.962597 2.86982 0.776389 100611.275576      0.006113  0.640511 -0.002898          41  0.560976
  CIEN   26 4.962597 2.86982 0.776389 101797.154498      0.017972  0.987028 -0.005623          40  0.575000
   CLF   26 4.962597 2.86982 0.776389  99890.530398     -0.001095 -0.075380 -0.013115          30  0.366667
   CLS   26 4.962597 2.86982 0.776389  99912.824259     -0.000872 -0.053321 -0.006242          32  0.562500
  CLSK   26 4.962597 2.86982 0.776389  99333.109417     -0.006669 -0.296679 -0.015774          49  0.489796
   CMG   26 4.962597 2.86982 0.776389  99300.957070     -0.006990 -0.888167 -0.009346          28  0.285714
   CMI   26 4.962597 2.86982 0.776389 100451.569299      0.004516  0.782132 -0.001553          44  0.590909
   CNC   26 4.962597 2.86982 0.776389  97977.377014     -0.020226 -1.020771 -0.023009          36  0.388889
   CNP   26 4.962597 2.86982 0.776389  99836.918990     -0.001631 -0.442698 -0.003653          34  0.470588
   CNQ   26 4.962597 2.86982 0.776389 100404.791312      0.004048  0.673440 -0.001647          32  0.500000
  COGT   26 4.962597 2.86982 0.776389  98879.257443     -0.011207 -0.681285 -0.014365          35  0.314286
  COHR   26 4.962597 2.86982 0.776389  99683.813301     -0.003162 -0.281338 -0.008654          37  0.486486
  COIN   26 4.962597 2.86982 0.776389 101134.526137      0.011345  0.653481 -0.006844          38  0.552632
  COMP   26 4.962597 2.86982 0.776389 100036.390548      0.000364  0.040354 -0.005917          30  0.533333
  COPX   26 4.962597 2.86982 0.776389  99705.094475     -0.002949 -0.268792 -0.008200          37  0.513514
  CRNX   26 4.962597 2.86982 0.776389 100716.429054      0.007164  0.436680 -0.005650          45  0.555556
  CRSP   26 4.962597 2.86982 0.776389 100948.239203      0.009482  0.497722 -0.007277          34  0.529412
  CRWV   26 4.962597 2.86982 0.776389 100331.632025      0.003316  0.113871 -0.019859          37  0.459459
  CSIQ   26 4.962597 2.86982 0.776389 101094.076566      0.010941  0.644845 -0.008053          38  0.552632
  CURE   26 4.962597 2.86982 0.776389 100524.317493      0.005243  0.457987 -0.007641          36  0.500000
   CVE   26 4.962597 2.86982 0.776389 100415.640105      0.004156  0.491329 -0.004705          40  0.575000
   CVI   26 4.962597 2.86982 0.776389 100143.690177      0.001437  0.133668 -0.006032          42  0.595238
  DDOG   26 4.962597 2.86982 0.776389 100110.796111      0.001108  0.108762 -0.009407          31  0.548387
  DELL   26 4.962597 2.86982 0.776389 100495.769510      0.004958  0.316889 -0.006853          33  0.454545
   DGX   26 4.962597 2.86982 0.776389 100212.981134      0.002130  0.416073 -0.002495          40  0.500000
  DINO   26 4.962597 2.86982 0.776389  99250.423545     -0.007496 -0.807198 -0.011903          44  0.409091
   DIS   26 4.962597 2.86982 0.776389  99843.155788     -0.001568 -0.322776 -0.002015          37  0.405405
   DKS   26 4.962597 2.86982 0.776389  99884.968130     -0.001150 -0.130214 -0.005847          41  0.487805
   DTM   26 4.962597 2.86982 0.776389 100127.361514      0.001274  0.233763 -0.002327          41  0.512195
   DVN   26 4.962597 2.86982 0.776389 100170.473275      0.001705  0.158572 -0.006960          40  0.475000
    DY   26 4.962597 2.86982 0.776389  99861.411827     -0.001386 -0.094241 -0.006235          54  0.537037
    EA   26 4.962597 2.86982 0.776389 100016.899687      0.000169  0.070516 -0.001178          37  0.351351
  EBAY   26 4.962597 2.86982 0.776389 101298.681302      0.012987  0.912312 -0.003182          32  0.656250
   EBR   26 4.962597 2.86982 0.776389 100246.186683      0.002462  0.662292 -0.001636          34  0.470588
  ELAN   26 4.962597 2.86982 0.776389 101169.517296      0.011695  1.079038 -0.003033          31  0.709677
   ELV   26 4.962597 2.86982 0.776389 100766.026456      0.007660  1.011276 -0.002021          38  0.605263
   ENB   26 4.962597 2.86982 0.776389 100183.261910      0.001833  0.630918 -0.001191          41  0.536585
  EOSE   26 4.962597 2.86982 0.776389 100471.148446      0.004711  0.132601 -0.015985          40  0.500000
  EPAM   26 4.962597 2.86982 0.776389  99995.644948     -0.000044  0.001426 -0.010769          52  0.423077
   ERO   26 4.962597 2.86982 0.776389 100921.913392      0.009219  0.631441 -0.005962          44  0.636364
    ES   26 4.962597 2.86982 0.776389  99721.379159     -0.002786 -0.479592 -0.003295          38  0.421053
   ETN   26 4.962597 2.86982 0.776389  99558.447519     -0.004416 -0.443538 -0.005675          43  0.418605
   ETR   26 4.962597 2.86982 0.776389  99876.408838     -0.001236 -0.277171 -0.003113          41  0.463415
  ETSY   26 4.962597 2.86982 0.776389  99326.687331     -0.006733 -0.723536 -0.008805          28  0.357143
  EWBC   26 4.962597 2.86982 0.776389 100256.623610      0.002566  0.313773 -0.003987          49  0.469388
     F   26 4.962597 2.86982 0.776389 100595.439819      0.005954  0.641373 -0.002906          38  0.526316
   FDX   26 4.962597 2.86982 0.776389 101354.621666      0.013546  1.927585 -0.001176          39  0.666667
    FE   26 4.962597 2.86982 0.776389  99892.966710     -0.001070 -0.393796 -0.001647          39  0.487179
   FHN   26 4.962597 2.86982 0.776389  99727.859869     -0.002721 -0.483670 -0.004869          34  0.470588
    FI   26 4.962597 2.86982 0.776389  99926.927141     -0.000731 -0.131830 -0.005400          30  0.566667
   FIX   26 4.962597 2.86982 0.776389  99819.116275     -0.001809 -0.129605 -0.006396          50  0.540000
  FOLD   26 4.962597 2.86982 0.776389  99760.146477     -0.002399 -0.246428 -0.005549          36  0.388889
  FSLR   26 4.962597 2.86982 0.776389 100711.042707      0.007110  0.458512 -0.004940          38  0.684211
  FTAI   26 4.962597 2.86982 0.776389 100582.937156      0.005829  0.451870 -0.003943          38  0.500000
   FTI   26 4.962597 2.86982 0.776389  99667.180400     -0.003328 -0.456493 -0.008195          37  0.405405
  FUTU   26 4.962597 2.86982 0.776389 100276.201222      0.002762  0.220623 -0.008877          35  0.457143
    GD   26 4.962597 2.86982 0.776389 100133.321474      0.001333  0.267881 -0.002551          46  0.500000
   GDS   26 4.962597 2.86982 0.776389  98712.482992     -0.012875 -0.705899 -0.015039          39  0.358974
   GDX   26 4.962597 2.86982 0.776389 101144.319609      0.011443  1.014198 -0.002573          41  0.536585
    GE   26 4.962597 2.86982 0.776389  99629.479229     -0.003705 -0.509397 -0.004559          38  0.500000
   GEV   26 4.962597 2.86982 0.776389  99575.321834     -0.004247 -0.409098 -0.006364          38  0.421053
    GH   26 4.962597 2.86982 0.776389 100257.128949      0.002571  0.170989 -0.010538          29  0.517241
   GHC   26 4.962597 2.86982 0.776389 100184.755625      0.001848  0.612089 -0.003146          14  0.571429
  GLUE   26 4.962597 2.86982 0.776389  99913.202519     -0.000868 -0.040500 -0.013304          36  0.555556
   GLW   26 4.962597 2.86982 0.776389 100768.360169      0.007684  0.861455 -0.002298          33  0.545455
    GM   26 4.962597 2.86982 0.776389 100032.907017      0.000329  0.041155 -0.004658          36  0.444444
   GNW   26 4.962597 2.86982 0.776389 100298.079482      0.002981  0.349904 -0.004558          40  0.525000
 GOOGL   26 4.962597 2.86982 0.776389  99810.317797     -0.001897 -0.146857 -0.006036          38  0.447368
  GOSS   26 4.962597 2.86982 0.776389 101138.669990      0.011387  0.531627 -0.005540          37  0.513514
  GRAL   26 4.962597 2.86982 0.776389 100818.804342      0.008188  0.592940 -0.007746          37  0.513514
    GS   26 4.962597 2.86982 0.776389 100087.639616      0.000876  0.108844 -0.005212          46  0.456522
  GSAT   26 4.962597 2.86982 0.776389 100773.388415      0.007734  0.435017 -0.004727          39  0.487179
   GTX   26 4.962597 2.86982 0.776389  99963.380966     -0.000366 -0.047877 -0.004015          35  0.400000
   HAL   26 4.962597 2.86982 0.776389 100166.810651      0.001668  0.147061 -0.006308          37  0.648649
  HASI   26 4.962597 2.86982 0.776389 100229.875492      0.002299  0.252771 -0.003218          36  0.444444
  HBAN   26 4.962597 2.86982 0.776389  99672.060451     -0.003279 -0.558028 -0.006595          36  0.333333
   HCA   26 4.962597 2.86982 0.776389 100472.224779      0.004722  1.002678 -0.001331          40  0.650000
   HES   26 4.962597 2.86982 0.776389 100130.420740      0.001304  1.806913 -0.000209           2  0.500000
   HLF   26 4.962597 2.86982 0.776389 100078.734412      0.000787  0.048667 -0.007952          37  0.459459
  HOOD   26 4.962597 2.86982 0.776389 102214.419088      0.022144  0.869317 -0.006094          38  0.473684
  HOUS   26 4.962597 2.86982 0.776389 100406.029678      0.004060  0.279674 -0.007365          31  0.548387
  HTHT   26 4.962597 2.86982 0.776389  99893.378079     -0.001066 -0.196578 -0.005397          40  0.350000
   HUT   26 4.962597 2.86982 0.776389 101480.777599      0.014808  0.770799 -0.005916          34  0.588235
   IAG   26 4.962597 2.86982 0.776389 100332.881099      0.003329  0.179266 -0.011337          34  0.500000
   IAS   26 4.962597 2.86982 0.776389 101070.070557      0.010701  0.520305 -0.004715          37  0.405405
   IBB   26 4.962597 2.86982 0.776389 100466.529571      0.004665  0.830362 -0.001405          38  0.631579
   IBM   26 4.962597 2.86982 0.776389  99872.135877     -0.001279 -0.187112 -0.003289          34  0.411765
   ICE   26 4.962597 2.86982 0.776389  99940.912938     -0.000591 -0.142796 -0.002822          39  0.461538
  IESC   26 4.962597 2.86982 0.776389  98076.616839     -0.019234 -0.999814 -0.020750          53  0.452830
  ILMN   26 4.962597 2.86982 0.776389 100263.676341      0.002637  0.299211 -0.003124          40  0.475000
  IMAX   26 4.962597 2.86982 0.776389 100020.465519      0.000205  0.022536 -0.004246          47  0.510638
   IMO   26 4.962597 2.86982 0.776389 100289.580615      0.002896  0.341888 -0.003335          45  0.511111
  INCY   26 4.962597 2.86982 0.776389  99738.032476     -0.002620 -0.286158 -0.007418          33  0.393939
   ING   26 4.962597 2.86982 0.776389 100063.767423      0.000638  0.118436 -0.001969          39  0.512821
  INTC   26 4.962597 2.86982 0.776389 100989.726998      0.009897  0.599183 -0.005269          38  0.473684
  IONQ   26 4.962597 2.86982 0.776389 101165.703283      0.011657  0.426416 -0.009691          34  0.588235
   IQV   26 4.962597 2.86982 0.776389  99911.644445     -0.000884 -0.093122 -0.006403          40  0.525000
  IREN   26 4.962597 2.86982 0.776389  98783.122384     -0.012169 -0.316546 -0.024373          34  0.441176
    IT   26 4.962597 2.86982 0.776389  99828.927655     -0.001711 -0.206288 -0.004755          45  0.511111
   IVV   26 4.962597 2.86982 0.776389 100038.183318      0.000382  0.139808 -0.001557          42  0.523810
  JAZZ   26 4.962597 2.86982 0.776389  99665.682661     -0.003343 -0.445106 -0.006609          40  0.425000
   JNJ   26 4.962597 2.86982 0.776389 100001.659723      0.000017  0.005055 -0.002410          26  0.423077
   JPM   26 4.962597 2.86982 0.776389  99903.357955     -0.000966 -0.230021 -0.003100          37  0.405405
   KGS   26 4.962597 2.86982 0.776389  99677.964315     -0.003220 -0.334018 -0.004359          41  0.390244
   KHC   26 4.962597 2.86982 0.776389 100084.358168      0.000844  0.204744 -0.003105          36  0.444444
   KMI   26 4.962597 2.86982 0.776389  99782.074658     -0.002179 -0.286483 -0.005669          32  0.562500
   KOD   26 4.962597 2.86982 0.776389 102627.794862      0.026278  0.788690 -0.011361          39  0.564103
  KTOS   26 4.962597 2.86982 0.776389 101369.872032      0.013699  0.499490 -0.008248          31  0.548387
  KURA   26 4.962597 2.86982 0.776389 100513.404111      0.005134  0.276332 -0.009007          40  0.450000
     L   26 4.962597 2.86982 0.776389  99925.089430     -0.000749 -0.206141 -0.001794          45  0.444444
  LABU   26 4.962597 2.86982 0.776389 102286.828174      0.022868  0.854014 -0.012089          55  0.618182
   LAC   26 4.962597 2.86982 0.776389  98547.281941     -0.014527 -0.422082 -0.035098          35  0.400000
  LASR   26 4.962597 2.86982 0.776389 100380.935469      0.003809  0.274290 -0.006038          47  0.510638
  LCID   26 4.962597 2.86982 0.776389  99021.418131     -0.009786 -0.458600 -0.020998          36  0.277778
   LEU   26 4.962597 2.86982 0.776389 102191.642519      0.021916  0.996079 -0.006948          43  0.581395
  LGND   26 4.962597 2.86982 0.776389  99763.015675     -0.002370 -0.304798 -0.005332          51  0.549020
   LHX   26 4.962597 2.86982 0.776389 100468.256216      0.004683  0.768068 -0.001897          44  0.659091
  LITE   26 4.962597 2.86982 0.776389 100660.432465      0.006604  0.375924 -0.005532          37  0.486486
   LLY   26 4.962597 2.86982 0.776389 101118.575788      0.011186  0.797381 -0.003239          32  0.531250
   LMT   26 4.962597 2.86982 0.776389  99641.418788     -0.003586 -0.629813 -0.004590          44  0.386364
  LOPE   26 4.962597 2.86982 0.776389  99581.695549     -0.004183 -0.523463 -0.004558          52  0.480769
  LPLA   26 4.962597 2.86982 0.776389  99911.030731     -0.000890 -0.127029 -0.004255          42  0.476190
  LRCX   26 4.962597 2.86982 0.776389 100471.250359      0.004713  0.471102 -0.003792          32  0.593750
  LSCC   26 4.962597 2.86982 0.776389 100593.730505      0.005937  0.486964 -0.005723          42  0.523810
  LULU   26 4.962597 2.86982 0.776389  99931.939922     -0.000681 -0.130393 -0.002829          34  0.529412
   LVS   26 4.962597 2.86982 0.776389  99872.890537     -0.001271 -0.089329 -0.007744          30  0.533333
  LYFT   26 4.962597 2.86982 0.776389  99370.852013     -0.006291 -0.579667 -0.008496          32  0.531250
     M   26 4.962597 2.86982 0.776389 100199.686664      0.001997  0.283722 -0.003523          36  0.527778
   MAR   26 4.962597 2.86982 0.776389 100591.290861      0.005913  0.899310 -0.002744          38  0.552632
   MCK   26 4.962597 2.86982 0.776389  99984.768444     -0.000152 -0.045146 -0.001580          39  0.512821
   MDB   26 4.962597 2.86982 0.776389 102053.471695      0.020535  0.905525 -0.003478          35  0.600000
  MDLZ   26 4.962597 2.86982 0.776389 100145.326942      0.001453  0.278014 -0.002308          35  0.542857
   MDT   26 4.962597 2.86982 0.776389  99989.791644     -0.000102 -0.024486 -0.002002          35  0.457143
  MELI   26 4.962597 2.86982 0.776389  99230.605970     -0.007694 -0.608561 -0.009477          51  0.411765
  META   26 4.962597 2.86982 0.776389 100637.161707      0.006372  0.728210 -0.004131          36  0.555556
  MKSI   26 4.962597 2.86982 0.776389 101054.083143      0.010541  0.756149 -0.004784          46  0.630435
   MLI   26 4.962597 2.86982 0.776389 100755.730354      0.007557  0.853349 -0.002187          47  0.617021
  MLTX   26 4.962597 2.86982 0.776389 102188.382407      0.021884  1.096171 -0.004469          36  0.611111
  MLYS   26 4.962597 2.86982 0.776389  99511.531576     -0.004885 -0.265373 -0.010140          43  0.441860
   MMC   26 4.962597 2.86982 0.776389  98718.767090     -0.012812 -0.836882 -0.014906          34  0.352941
  MNST   26 4.962597 2.86982 0.776389 100035.592539      0.000356  0.082961 -0.003695          32  0.593750
   MOS   26 4.962597 2.86982 0.776389  99697.324887     -0.003027 -0.463888 -0.006862          32  0.531250
    MP   26 4.962597 2.86982 0.776389 101719.757462      0.017198  1.008783 -0.003948          32  0.531250
   MPC   26 4.962597 2.86982 0.776389  99615.956597     -0.003840 -0.469868 -0.004446          44  0.318182
   MRK   26 4.962597 2.86982 0.776389 100144.930849      0.001449  0.251961 -0.003757          33  0.454545
  MRVL   26 4.962597 2.86982 0.776389  99016.902236     -0.009831 -0.741309 -0.013560          38  0.421053
    MS   26 4.962597 2.86982 0.776389 100410.442802      0.004104  0.772470 -0.001056          34  0.558824
  MSFT   26 4.962597 2.86982 0.776389  99460.515379     -0.005395 -0.872256 -0.006470          34  0.470588
  MSGS   26 4.962597 2.86982 0.776389  99221.771310     -0.007782 -0.792508 -0.007976          53  0.433962
  MSTR   26 4.962597 2.86982 0.776389 101473.478684      0.014735  1.023256 -0.004351          45  0.577778
  MTUM   26 4.962597 2.86982 0.776389 100113.616420      0.001136  0.331731 -0.001831          42  0.595238
   MTZ   26 4.962597 2.86982 0.776389 101023.733347      0.010237  0.920784 -0.002834          49  0.551020
    MU   26 4.962597 2.86982 0.776389 100005.284250      0.000053  0.006036 -0.004853          34  0.500000
   MUR   26 4.962597 2.86982 0.776389 101509.923286      0.015099  0.951871 -0.003519          39  0.615385
  NAIL   26 4.962597 2.86982 0.776389 101863.859511      0.018639  0.998573 -0.006322          40  0.600000
  NAMS   26 4.962597 2.86982 0.776389 101324.580815      0.013246  0.686848 -0.004077          39  0.564103
  NBIS   26 4.962597 2.86982 0.776389  99133.596004     -0.008664 -0.249893 -0.019698          37  0.540541
  NBIX   26 4.962597 2.86982 0.776389 101231.992952      0.012320  0.727809 -0.003350          42  0.500000
   NEE   26 4.962597 2.86982 0.776389  99833.733532     -0.001663 -0.297032 -0.004793          23  0.478261
  NEGG   26 4.962597 2.86982 0.776389 107346.801740      0.073468  0.415315 -0.107383          42  0.452381
   NEM   26 4.962597 2.86982 0.776389 100664.498773      0.006645  1.338315 -0.001525          32  0.656250
   NFE   26 4.962597 2.86982 0.776389  95485.431233     -0.045146 -1.076417 -0.049254          39  0.307692
   NFG   26 4.962597 2.86982 0.776389  99723.979312     -0.002760 -0.578656 -0.004487          49  0.428571
  NFLX   26 4.962597 2.86982 0.776389 100021.735946      0.000217  0.033120 -0.003772          32  0.593750
    NG   26 4.962597 2.86982 0.776389  99602.231848     -0.003978 -0.341943 -0.008116          32  0.500000
   NGL   26 4.962597 2.86982 0.776389 103983.336286      0.039833  0.941460 -0.010711          49  0.387755
    NI   26 4.962597 2.86982 0.776389 100178.878097      0.001789  0.454639 -0.001241          30  0.533333
   NIO   26 4.962597 2.86982 0.776389 101498.150034      0.014982  0.494062 -0.014265          49  0.469388
   NRG   26 4.962597 2.86982 0.776389 100521.539622      0.005215  0.395443 -0.006023          46  0.521739
   NSC   26 4.962597 2.86982 0.776389 100106.617868      0.001066  0.238939 -0.002291          40  0.525000
  NTRA   26 4.962597 2.86982 0.776389 101785.860779      0.017859  0.766295 -0.004815          45  0.577778
  NTRS   26 4.962597 2.86982 0.776389 100249.210608      0.002492  0.297838 -0.003144          46  0.608696
  NVDA   26 4.962597 2.86982 0.776389  99756.843978     -0.002432 -0.245835 -0.006441          39  0.410256
  NVGS   26 4.962597 2.86982 0.776389 100094.985636      0.000950  0.103618 -0.005661          52  0.519231
   NVT   26 4.962597 2.86982 0.776389 100008.106715      0.000081  0.008834 -0.006505          40  0.450000
  NVTS   26 4.962597 2.86982 0.776389  98221.667503     -0.017783 -0.557903 -0.020929          39  0.358974
  NXPI   26 4.962597 2.86982 0.776389 100652.710335      0.006527  0.572703 -0.004012          37  0.567568
   OKE   26 4.962597 2.86982 0.776389  99596.915467     -0.004031 -0.649654 -0.006549          42  0.500000
  OKLO   26 4.962597 2.86982 0.776389 101053.673187      0.010537  0.401585 -0.014585          34  0.529412
  OLMA   26 4.962597 2.86982 0.776389 105323.629040      0.053236  1.310704 -0.010394          40  0.625000
    ON   26 4.962597 2.86982 0.776389 100575.703734      0.005757  0.374376 -0.006454          35  0.600000
    OR   26 4.962597 2.86982 0.776389  99865.246701     -0.001348 -0.143059 -0.004163          38  0.500000
  ORCL   26 4.962597 2.86982 0.776389  99278.387459     -0.007216 -0.542845 -0.008643          37  0.459459
   ORI   26 4.962597 2.86982 0.776389 100500.467039      0.005005  1.328379 -0.000726          27  0.703704
  ORLY   26 4.962597 2.86982 0.776389 100120.547839      0.001205  0.153056 -0.003444          36  0.555556
   PBF   26 4.962597 2.86982 0.776389 100097.789361      0.000978  0.063296 -0.006838          37  0.567568
   PBR   26 4.962597 2.86982 0.776389  99845.414175     -0.001546 -0.206438 -0.004355          43  0.372093
   PDD   26 4.962597 2.86982 0.776389  99782.248367     -0.002178 -0.320951 -0.006662          32  0.500000
   PEP   26 4.962597 2.86982 0.776389 100416.134596      0.004161  0.897849 -0.001561          38  0.605263
  PGEN   26 4.962597 2.86982 0.776389 103287.166251      0.032872  0.781028 -0.012949          40  0.575000
   PGR   26 4.962597 2.86982 0.776389 100160.035206      0.001600  0.314408 -0.003207          34  0.617647
  PLTR   26 4.962597 2.86982 0.776389  99925.204768     -0.000748 -0.074699 -0.004319          36  0.444444
   PSX   26 4.962597 2.86982 0.776389  99513.840653     -0.004862 -0.612182 -0.008824          37  0.378378
  PTGX   26 4.962597 2.86982 0.776389 100040.097492      0.000401  0.030619 -0.005873          40  0.525000
   PWR   26 4.962597 2.86982 0.776389 100872.721914      0.008727  0.768314 -0.003287          44  0.568182
  PYPL   26 4.962597 2.86982 0.776389 100063.880630      0.000639  0.078183 -0.003644          31  0.451613
  QBTS   26 4.962597 2.86982 0.776389  99429.267567     -0.005707 -0.199201 -0.011818          37  0.459459
  QCOM   26 4.962597 2.86982 0.776389 100025.838881      0.000258  0.031246 -0.004502          36  0.555556
   QSI   26 4.962597 2.86982 0.776389 102148.246671      0.021482  0.543465 -0.017913          49  0.387755
  QUBT   26 4.962597 2.86982 0.776389 101579.134938      0.015791  0.490396 -0.008613          34  0.529412
  QURE   26 4.962597 2.86982 0.776389 101302.086652      0.013021  0.488136 -0.008317          40  0.375000
  RCUS   26 4.962597 2.86982 0.776389  99744.772305     -0.002552 -0.197085 -0.007687          39  0.435897
  REGN   26 4.962597 2.86982 0.776389  99594.364968     -0.004056 -0.401874 -0.011063          46  0.413043
  RGEN   26 4.962597 2.86982 0.776389 102402.808897      0.024028  1.399351 -0.003282          43  0.581395
  RGTI   26 4.962597 2.86982 0.776389  99010.715047     -0.009893 -0.331264 -0.022159          38  0.500000
   RIG   26 4.962597 2.86982 0.776389 100972.751791      0.009728  0.736603 -0.005274          37  0.567568
  RIGL   26 4.962597 2.86982 0.776389 100530.273641      0.005303  0.328198 -0.008081          47  0.510638
   RIO   26 4.962597 2.86982 0.776389 100157.451669      0.001575  0.265017 -0.002176          35  0.457143
  RIOT   26 4.962597 2.86982 0.776389 101639.774914      0.016398  0.550924 -0.011778          40  0.600000
  RIVN   26 4.962597 2.86982 0.776389 100485.612949      0.004856  0.300962 -0.006468          42  0.523810
   RJF   26 4.962597 2.86982 0.776389 100033.859647      0.000339  0.055280 -0.002990          37  0.432432
  ROST   26 4.962597 2.86982 0.776389 100413.903874      0.004139  0.723534 -0.002041          31  0.580645
   RRC   26 4.962597 2.86982 0.776389  98794.520725     -0.012055 -1.254810 -0.016035          36  0.361111
   RSG   26 4.962597 2.86982 0.776389  99924.117744     -0.000759 -0.109994 -0.004697          48  0.520833
   RTX   26 4.962597 2.86982 0.776389 100087.873476      0.000879  0.245657 -0.002055          33  0.575758
    SA   26 4.962597 2.86982 0.776389  99769.507029     -0.002305 -0.137365 -0.009671          42  0.500000
   SAN   26 4.962597 2.86982 0.776389 100413.542937      0.004135  0.842642 -0.002115          42  0.595238
  SAND   26 4.962597 2.86982 0.776389 100359.311749      0.003593  1.054237 -0.000997          22  0.636364
  SBGI   26 4.962597 2.86982 0.776389 100373.486101      0.003735  0.336936 -0.004287          49  0.489796
   SBH   26 4.962597 2.86982 0.776389 101474.528531      0.014745  0.829967 -0.006720          37  0.675676
  SBIT   26 4.962597 2.86982 0.776389 102175.043630      0.021750  1.187246 -0.006276          52  0.576923
  SBSW   26 4.962597 2.86982 0.776389  99200.283512     -0.007997 -0.757611 -0.014049          37  0.432432
  SCCO   26 4.962597 2.86982 0.776389  98962.056369     -0.010379 -0.647566 -0.011517          40  0.525000
  SEDG   26 4.962597 2.86982 0.776389 100585.708662      0.005857  0.307419 -0.004926          39  0.384615
   SIG   26 4.962597 2.86982 0.776389  99664.093884     -0.003359 -0.343482 -0.007963          43  0.488372
   SIL   26 4.962597 2.86982 0.776389 100199.112873      0.001991  0.212675 -0.001889          35  0.457143
  SILJ   26 4.962597 2.86982 0.776389  99826.283223     -0.001737 -0.149202 -0.004015          31  0.419355
  SIMO   26 4.962597 2.86982 0.776389 101533.504903      0.015335  1.119113 -0.004504          52  0.557692
   SLV   26 4.962597 2.86982 0.776389 100139.463602      0.001395  0.206837 -0.002905          36  0.527778
   SNA   26 4.962597 2.86982 0.776389 100010.563672      0.000106  0.013239 -0.005745          52  0.403846
  SNDK   26 4.962597 2.86982 0.776389 100227.626468      0.002276  0.104646 -0.008681          35  0.457143
  SNOW   26 4.962597 2.86982 0.776389  99168.328119     -0.008317 -0.883152 -0.009299          33  0.393939
   SNX   26 4.962597 2.86982 0.776389  99540.704101     -0.004593 -0.563672 -0.008545          48  0.437500
    SO   26 4.962597 2.86982 0.776389 100145.634780      0.001456  0.446705 -0.001104          29  0.413793
  SOFI   26 4.962597 2.86982 0.776389 101825.358410      0.018254  0.784060 -0.004264          44  0.568182
  SOXL   26 4.962597 2.86982 0.776389 101158.182052      0.011582  0.465184 -0.006799          51  0.529412
   SPG   26 4.962597 2.86982 0.776389  99994.992276     -0.000050 -0.007137 -0.004179          42  0.523810
  SPXL   26 4.962597 2.86982 0.776389 100668.223149      0.006682  0.676128 -0.003600          48  0.541667
   SQM   26 4.962597 2.86982 0.776389 101670.046768      0.016700  0.994679 -0.007016          38  0.631579
   SRE   26 4.962597 2.86982 0.776389  99941.434371     -0.000586 -0.112720 -0.002447          40  0.475000
  SRTY   26 4.962597 2.86982 0.776389 100038.369130      0.000384  0.028139 -0.006373          51  0.431373
  SSNC   26 4.962597 2.86982 0.776389  99868.407296     -0.001316 -0.241708 -0.004618          41  0.463415
  SSRM   26 4.962597 2.86982 0.776389 100137.015760      0.001370  0.129535 -0.004043          36  0.472222
   STX   26 4.962597 2.86982 0.776389 100579.340281      0.005793  0.363022 -0.008660          30  0.666667
    SU   26 4.962597 2.86982 0.776389 100041.367433      0.000414  0.057982 -0.003499          40  0.450000
  TBBK   26 4.962597 2.86982 0.776389  99271.469266     -0.007285 -0.737602 -0.012719          48  0.395833
   TDG   26 4.962597 2.86982 0.776389  99710.754883     -0.002892 -0.380153 -0.005047          52  0.423077
   TDY   26 4.962597 2.86982 0.776389 100402.742915      0.004027  0.812314 -0.002027          44  0.636364
  TECK   26 4.962597 2.86982 0.776389 101093.996432      0.010940  1.064073 -0.002524          33  0.636364
   TEL   26 4.962597 2.86982 0.776389 100260.703983      0.002607  0.424558 -0.001686          37  0.567568
   TER   26 4.962597 2.86982 0.776389 100709.752693      0.007098  0.862154 -0.002050          34  0.558824
  TERN   26 4.962597 2.86982 0.776389  99768.575193     -0.002314 -0.116397 -0.011238          39  0.435897
  TEVA   26 4.962597 2.86982 0.776389 100489.646835      0.004896  0.474149 -0.003781          29  0.551724
   TGT   26 4.962597 2.86982 0.776389  99538.585082     -0.004614 -0.502152 -0.008726          33  0.333333
   THC   26 4.962597 2.86982 0.776389  99573.301955     -0.004267 -0.286750 -0.007201          35  0.571429
   TJX   26 4.962597 2.86982 0.776389 100326.095025      0.003261  0.973698 -0.001166          34  0.676471
    TK   26 4.962597 2.86982 0.776389  99567.956375     -0.004320 -0.514929 -0.008309          44  0.431818
  TNDM   26 4.962597 2.86982 0.776389 101091.057506      0.010911  0.594909 -0.007094          32  0.468750
  TSLA   26 4.962597 2.86982 0.776389 101673.112402      0.016731  0.855887 -0.006195          44  0.613636
   TSM   26 4.962597 2.86982 0.776389 100313.774031      0.003138  0.401652 -0.003827          44  0.500000
   UHS   26 4.962597 2.86982 0.776389 100000.270223      0.000003  0.001584 -0.005562          43  0.558140
  UPRO   26 4.962597 2.86982 0.776389  99507.031452     -0.004930 -0.506141 -0.005376          39  0.384615
   URA   26 4.962597 2.86982 0.776389  99964.528701     -0.000355 -0.037254 -0.004401          32  0.437500
   VET   26 4.962597 2.86982 0.776389 101032.570176      0.010326  0.547874 -0.009195          42  0.547619
   VLO   26 4.962597 2.86982 0.776389  99426.170689     -0.005738 -0.460172 -0.006628          38  0.421053
   VOO   26 4.962597 2.86982 0.776389 100272.209363      0.002722  0.743118 -0.001076          43  0.651163
   VRT   26 4.962597 2.86982 0.776389  99789.523810     -0.002105 -0.200997 -0.010290          35  0.514286
   VTR   26 4.962597 2.86982 0.776389  99966.151778     -0.000338 -0.071403 -0.002806          32  0.531250
   WGS   26 4.962597 2.86982 0.776389  98569.687399     -0.014303 -0.874822 -0.018484          44  0.454545
   WRB   26 4.962597 2.86982 0.776389 100050.826503      0.000508  0.109890 -0.001753          37  0.432432
   WSM   26 4.962597 2.86982 0.776389 100132.768972      0.001328  0.159437 -0.004893          41  0.439024
   WST   26 4.962597 2.86982 0.776389 100054.619965      0.000546  0.078977 -0.006272          41  0.487805
  WULF   26 4.962597 2.86982 0.776389 100769.792374      0.007698  0.334209 -0.014978          42  0.452381
   WWD   26 4.962597 2.86982 0.776389 101249.319771      0.012493  1.673232 -0.001238          47  0.702128
  WYNN   26 4.962597 2.86982 0.776389 100946.923657      0.009469  1.056573 -0.001826          37  0.648649
   XBI   26 4.962597 2.86982 0.776389 100979.919356      0.009799  1.601473 -0.000756          42  0.666667
   XEL   26 4.962597 2.86982 0.776389  99698.251412     -0.003017 -0.901149 -0.003763          35  0.400000
   XLK   26 4.962597 2.86982 0.776389  99982.845090     -0.000172 -0.037469 -0.001835          35  0.542857
   XLU   26 4.962597 2.86982 0.776389  99739.428109     -0.002606 -0.631880 -0.003049          37  0.459459
   XOM   26 4.962597 2.86982 0.776389 100028.697100      0.000287  0.054228 -0.003515          32  0.562500
  XPEV   26 4.962597 2.86982 0.776389 101019.747213      0.010197  0.646621 -0.005516          39  0.487179
   ZIM   26 4.962597 2.86982 0.776389  99362.125959     -0.006379 -0.604373 -0.009052          32  0.375000
  ZION   26 4.962597 2.86982 0.776389  99889.519849     -0.001105 -0.179088 -0.004159          37  0.513514
    ZS   26 4.962597 2.86982 0.776389 100117.323765      0.001173  0.106014 -0.003594          37  0.459459
